
6265994204816994865 5256435592398648677
14360256787883863874 14111003143256750218
4381061415775862588 7904074633865853172
16367667166887024516 15927780592602492326
6088333148432379301 14454914989742813488
17360667409566338998 7649256150504289801
6088333148432379301 6088333148432379301
6088333148432379301 6088333148432379301
6088333148432379301 6088333148432379301
6088333148432379301 6088333148432379301
6088333148432379301 6088333148432379301
6088333148432379301 6088333148432379301
8121815025137088655 5033408998686209222
14884683161232788025 6328285747754907655
1700751494936229936 2120645539316499237
4596497899568144036 1283503262768919662
4652903024124976053 5656641232053542923
7905320932988906143 4520170398935022135
17420116293123777999 3708623693520527574
3708623693520527574 3708623693520527574
3708623693520527574 3708623693520527574
3708623693520527574 3708623693520527574
17420116293123777999 17420116293123777999
17420116293123777999 17420116293123777999
3210783364288369597 5509132288391038843
4555268684619309596 4798433454887481778
11886236379420966488 17864150457619713389
4555268684619309596 4555268684619309596
4555268684619309596 4555268684619309596
4555268684619309596 4555268684619309596
4555268684619309596 4555268684619309596
4555268684619309596 4555268684619309596
4555268684619309596 4555268684619309596
4555268684619309596 4555268684619309596
4555268684619309596 4555268684619309596
4555268684619309596 4555268684619309596
4798433454887481778 4798433454887481778
4798433454887481778 4798433454887481778
4798433454887481778 4798433454887481778
4555268684619309596 4555268684619309596
4555268684619309596 4555268684619309596
4555268684619309596 4555268684619309596
4555268684619309596 4555268684619309596
4555268684619309596 4555268684619309596
4798433454887481778 4798433454887481778
4798433454887481778 4798433454887481778
4798433454887481778 4798433454887481778
4798433454887481778 4798433454887481778
4798433454887481778 4798433454887481778
4798433454887481778 4798433454887481778
4555268684619309596 4555268684619309596
4555268684619309596 4555268684619309596
4555268684619309596 4555268684619309596
4555268684619309596 4555268684619309596
4555268684619309596 4555268684619309596
4555268684619309596 4555268684619309596
4555268684619309596 4555268684619309596
4555268684619309596 4555268684619309596
4555268684619309596 4555268684619309596
4555268684619309596 4555268684619309596
4555268684619309596 4555268684619309596
4555268684619309596 4555268684619309596
4798433454887481778 4798433454887481778
4555268684619309596 4555268684619309596
4555268684619309596 4555268684619309596
4798433454887481778 4798433454887481778
4555268684619309596 4555268684619309596
4555268684619309596 4555268684619309596
4555268684619309596 4555268684619309596
4555268684619309596 4555268684619309596
4555268684619309596 4555268684619309596
4555268684619309596 4555268684619309596
4798433454887481778 4798433454887481778
4798433454887481778 4798433454887481778
4555268684619309596 4555268684619309596
4555268684619309596 4555268684619309596
4798433454887481778 4798433454887481778
4798433454887481778 4798433454887481778
4798433454887481778 4798433454887481778
4798433454887481778 4798433454887481778
4798433454887481778 4798433454887481778
4798433454887481778 4798433454887481778
4798433454887481778 4798433454887481778
4798433454887481778 4798433454887481778
4555268684619309596 4555268684619309596
4798433454887481778 4798433454887481778
4555268684619309596 4555268684619309596
4555268684619309596 4555268684619309596
4555268684619309596 4555268684619309596
4555268684619309596 4555268684619309596
4555268684619309596 4555268684619309596
4555268684619309596 4555268684619309596
4555268684619309596 4555268684619309596
4555268684619309596 4555268684619309596
4555268684619309596 4555268684619309596
4555268684619309596 4555268684619309596
4555268684619309596 4555268684619309596
4555268684619309596 4555268684619309596
4555268684619309596 4555268684619309596
14372448789710607995 8240880805944171790
8006111631449220166 1439183603676951761
